global_step = 700000
loss = 5.788003
masked_lm_accuracy = 0.44519737
masked_lm_loss = 3.691207
next_sentence_accuracy = 0.58875
next_sentence_loss = 2.0967963
