global_step = 250000
loss = 1.0548329
masked_lm_accuracy = 0.78516585
masked_lm_loss = 0.92653805
next_sentence_accuracy = 0.95375
next_sentence_loss = 0.1297323
