global_step = 250000
loss = 6.2967396
masked_lm_accuracy = 0.5213158
masked_lm_loss = 3.0188534
next_sentence_accuracy = 0.54375
next_sentence_loss = 3.2778857
