global_step = 550000
loss = 6.295937
masked_lm_accuracy = 0.44967106
masked_lm_loss = 3.7006934
next_sentence_accuracy = 0.56625
next_sentence_loss = 2.5952444
