global_step = 0
loss = 8.188929
masked_lm_accuracy = 0.46776316
masked_lm_loss = 3.672442
next_sentence_accuracy = 0.53
next_sentence_loss = 4.5164866
