global_step = 250000
loss = 6.6822634
masked_lm_accuracy = 0.48572367
masked_lm_loss = 3.4125488
next_sentence_accuracy = 0.5475
next_sentence_loss = 3.2697155
