global_step = 250000
loss = 8.514658
masked_lm_accuracy = 0.44710526
masked_lm_loss = 3.9106135
next_sentence_accuracy = 0.54125
next_sentence_loss = 4.6040444
