global_step = 500000
loss = 6.917252
masked_lm_accuracy = 0.46348685
masked_lm_loss = 3.5489125
next_sentence_accuracy = 0.5275
next_sentence_loss = 3.3683403
