global_step = 600000
loss = 5.400836
masked_lm_accuracy = 0.42611954
masked_lm_loss = 3.560703
next_sentence_accuracy = 0.58125
next_sentence_loss = 1.8106163
