global_step = 250000
loss = 7.1183825
masked_lm_accuracy = 0.45164475
masked_lm_loss = 3.6489162
next_sentence_accuracy = 0.54
next_sentence_loss = 3.4694672
