global_step = 0
loss = 5.3790455
masked_lm_accuracy = 0.5116361
masked_lm_loss = 3.217818
next_sentence_accuracy = 0.62375
next_sentence_loss = 2.161395
