global_step = 500000
loss = 6.4547157
masked_lm_accuracy = 0.49631578
masked_lm_loss = 3.3051574
next_sentence_accuracy = 0.5375
next_sentence_loss = 3.1495569
