global_step = 700000
loss = 6.1292048
masked_lm_accuracy = 0.4200658
masked_lm_loss = 3.938445
next_sentence_accuracy = 0.58125
next_sentence_loss = 2.1907606
