global_step = 250000
loss = 5.5874786
masked_lm_accuracy = 0.45817715
masked_lm_loss = 3.29711
next_sentence_accuracy = 0.56375
next_sentence_loss = 2.2631164
