global_step = 250000
loss = 6.6194263
masked_lm_accuracy = 0.4869079
masked_lm_loss = 3.2719047
next_sentence_accuracy = 0.54125
next_sentence_loss = 3.3475235
