global_step = 100000
loss = 5.855035
masked_lm_accuracy = 0.46282893
masked_lm_loss = 3.5285316
next_sentence_accuracy = 0.55375
next_sentence_loss = 2.3265038
