global_step = 500000
loss = 9.258563
masked_lm_accuracy = 0.47763157
masked_lm_loss = 3.7161963
next_sentence_accuracy = 0.5325
next_sentence_loss = 5.5423656
