global_step = 250000
loss = 8.361058
masked_lm_accuracy = 0.47210526
masked_lm_loss = 3.6602445
next_sentence_accuracy = 0.52125
next_sentence_loss = 4.7008147
