global_step = 600000
loss = 6.7035627
masked_lm_accuracy = 0.4732237
masked_lm_loss = 3.4249697
next_sentence_accuracy = 0.54
next_sentence_loss = 3.2785943
