global_step = 100000
loss = 5.031191
masked_lm_accuracy = 0.4224699
masked_lm_loss = 3.6162024
next_sentence_accuracy = 0.63125
next_sentence_loss = 1.3871177
