global_step = 500000
loss = 8.683033
masked_lm_accuracy = 0.42838824
masked_lm_loss = 3.7807398
next_sentence_accuracy = 0.52
next_sentence_loss = 4.8727236
