global_step = 250000
loss = 6.0815325
masked_lm_accuracy = 0.4181298
masked_lm_loss = 3.7118683
next_sentence_accuracy = 0.54375
next_sentence_loss = 2.3428512
