global_step = 700000
loss = 1.5803518
masked_lm_accuracy = 0.7170071
masked_lm_loss = 1.3221492
next_sentence_accuracy = 0.9075
next_sentence_loss = 0.26003337
