global_step = 550000
loss = 5.1237516
masked_lm_accuracy = 0.4066877
masked_lm_loss = 3.827988
next_sentence_accuracy = 0.64875
next_sentence_loss = 1.2663493
