global_step = 250000
loss = 0.8458122
masked_lm_accuracy = 0.8058075
masked_lm_loss = 0.7961338
next_sentence_accuracy = 0.98375
next_sentence_loss = 0.051676884
